# IRIS Gate Convergence Analysis
## Executive Summary
Generated: 2026-01-09 11:47:18
---

## Dataset Statistics
- **Total Responses**: 2730
- **Architectures**: claude, gpt, grok, gemini, deepseek
- **Probes Analyzed**: 1
- **Iterations**: 13

## Overall Convergence
- **Average Final Convergence**: 0.395

## Probe Rankings
Ranked by final convergence score:

1. **PROBE_5**: 0.395 (DIVERGED)

## Key Findings
- **Highest Convergence**: PROBE_5 (0.395)
- **Lowest Convergence**: PROBE_5 (0.395)
- **Expected Divergence Confirmed**: PROBE_5 (2.9 nat cage) shows divergence as predicted


---

# Architecture Comparison
---

## Overall Convergence by Architecture
Average similarity with other architectures across all probes:

- **claude**: 0.621
- **gpt**: 0.580
- **grok**: 0.598
- **gemini**: 0.336
- **deepseek**: 0.594

## Pairwise Architecture Similarity
Average similarity across all probes (final iteration):

- **grok vs gemini**: 0.743
- **claude vs gemini**: 0.712
- **gemini vs deepseek**: 0.697
- **claude vs grok**: 0.688
- **claude vs gpt**: 0.667
- **claude vs deepseek**: 0.655
- **gpt vs gemini**: 0.636
- **grok vs deepseek**: 0.595
- **gpt vs deepseek**: 0.563
- **gpt vs grok**: 0.535


---

# Detailed Probe Analysis

# PROBE_5 Analysis
Generated: 2026-01-09 11:47:18
---
## Summary
- **Total Iterations**: 13
- **Final Convergence Score**: 0.395
- **Final Mean Similarity**: 0.546
- **Final Std Dev**: 0.276
- **Divergent Iterations**: None

## Convergence Assessment
**Status**: WEAK CONVERGENCE

## Convergence Trajectory
- **Initial Score**: 0.608
- **Final Score**: 0.395
- **Change**: -0.212
- **Trend**: DECREASING

## Final Architecture Similarity
```
         claude    claude    claude    claude    claude    claude    claude    claude    claude    claude    claude    claude    claude    deepseek  deepseek  deepseek  deepseek  deepseek  deepseek  deepseek  deepseek  deepseek  deepseek  deepseek  deepseek  deepseek  gemini    gemini    gemini    gemini    gemini    gemini    gemini    gemini    gemini    gemini    gemini    gemini    gemini    gpt       gpt       gpt       gpt       gpt       gpt       gpt       gpt       gpt       gpt       gpt       gpt       gpt       grok      grok      grok      grok      grok      grok      grok      grok      grok      grok      grok      grok      grok    
claude      1.000     0.723     0.887     0.888     0.670     0.746     0.862     0.857     0.851     0.789     0.879     0.889     0.894     0.655     0.617     0.676     0.653     0.787     0.786     0.722     0.709     0.789     0.837     0.771     0.831     0.721     0.712     0.713     0.688     0.680     0.703     0.722     0.724    -0.010    -0.010    -0.010    -0.010    -0.010    -0.010     0.667     0.732     0.643     0.566     0.622     0.597     0.571     0.687     0.664     0.639     0.758     0.614     0.619     0.688     0.686     0.735     0.732     0.676     0.720     0.671     0.717     0.661     0.687     0.700     0.725     0.757  
claude      0.723     1.000     0.707     0.705     0.683     0.726     0.705     0.746     0.752     0.731     0.813     0.788     0.693     0.659     0.552     0.582     0.565     0.658     0.601     0.607     0.610     0.563     0.735     0.689     0.670     0.660     0.720     0.629     0.536     0.623     0.750     0.655     0.703    -0.084    -0.084    -0.084    -0.084    -0.084    -0.084     0.622     0.679     0.721     0.658     0.725     0.673     0.651     0.777     0.752     0.677     0.668     0.700     0.635     0.810     0.698     0.716     0.646     0.734     0.729     0.737     0.718     0.581     0.757     0.773     0.711     0.784  
claude      0.887     0.707     1.000     0.817     0.592     0.688     0.871     0.886     0.835     0.759     0.836     0.823     0.842     0.619     0.579     0.637     0.593     0.747     0.770     0.661     0.649     0.758     0.834     0.742     0.808     0.746     0.666     0.681     0.719     0.636     0.679     0.776     0.726     0.006     0.006     0.006     0.006     0.006     0.006     0.574     0.727     0.605     0.493     0.567     0.528     0.526     0.629     0.616     0.595     0.679     0.541     0.544     0.648     0.629     0.705     0.675     0.591     0.663     0.583     0.670     0.616     0.672     0.648     0.614     0.703  
claude      0.888     0.705     0.817     1.000     0.711     0.726     0.836     0.800     0.843     0.792     0.850     0.859     0.842     0.617     0.570     0.652     0.597     0.746     0.737     0.683     0.668     0.735     0.815     0.755     0.765     0.681     0.655     0.683     0.682     0.658     0.687     0.678     0.725    -0.034    -0.034    -0.034    -0.034    -0.034    -0.034     0.676     0.737     0.640     0.583     0.683     0.620     0.600     0.688     0.664     0.651     0.743     0.659     0.625     0.663     0.646     0.700     0.693     0.643     0.691     0.656     0.655     0.583     0.660     0.678     0.687     0.733  
claude      0.670     0.683     0.592     0.711     1.000     0.708     0.626     0.576     0.621     0.567     0.650     0.771     0.590     0.723     0.652     0.670     0.576     0.586     0.676     0.701     0.703     0.625     0.756     0.744     0.648     0.626     0.707     0.615     0.486     0.744     0.682     0.531     0.562    -0.037    -0.037    -0.037    -0.037    -0.037    -0.037     0.718     0.620     0.716     0.700     0.746     0.615     0.707     0.683     0.726     0.664     0.712     0.672     0.666     0.687     0.690     0.733     0.624     0.763     0.784     0.769     0.671     0.602     0.657     0.721     0.730     0.788  
claude      0.746     0.726     0.688     0.726     0.708     1.000     0.639     0.684     0.695     0.716     0.740     0.802     0.716     0.610     0.502     0.504     0.510     0.608     0.604     0.557     0.552     0.548     0.687     0.690     0.649     0.629     0.790     0.735     0.548     0.684     0.729     0.640     0.631    -0.062    -0.062    -0.062    -0.062    -0.062    -0.062     0.784     0.700     0.658     0.641     0.737     0.702     0.667     0.769     0.772     0.612     0.718     0.724     0.600     0.686     0.772     0.696     0.675     0.625     0.659     0.656     0.659     0.600     0.686     0.634     0.627     0.738  
claude      0.862     0.705     0.871     0.836     0.626     0.639     1.000     0.860     0.872     0.748     0.834     0.832     0.818     0.637     0.557     0.626     0.594     0.735     0.754     0.652     0.659     0.701     0.776     0.727     0.777     0.727     0.603     0.650     0.686     0.584     0.657     0.737     0.747    -0.033    -0.033    -0.033    -0.033    -0.033    -0.033     0.539     0.703     0.625     0.522     0.565     0.547     0.529     0.595     0.633     0.552     0.625     0.563     0.588     0.637     0.593     0.626     0.611     0.624     0.683     0.613     0.607     0.556     0.658     0.674     0.616     0.669  
claude      0.857     0.746     0.886     0.800     0.576     0.684     0.860     1.000     0.833     0.764     0.812     0.828     0.832     0.619     0.527     0.563     0.551     0.702     0.699     0.614     0.593     0.681     0.770     0.686     0.731     0.688     0.643     0.659     0.662     0.560     0.647     0.740     0.710    -0.022    -0.022    -0.022    -0.022    -0.022    -0.022     0.576     0.677     0.634     0.536     0.591     0.553     0.516     0.644     0.629     0.568     0.671     0.564     0.576     0.632     0.607     0.657     0.647     0.565     0.639     0.585     0.619     0.560     0.666     0.647     0.626     0.662  
claude      0.851     0.752     0.835     0.843     0.621     0.695     0.872     0.833     1.000     0.804     0.851     0.870     0.819     0.609     0.480     0.583     0.550     0.730     0.754     0.619     0.638     0.653     0.771     0.720     0.768     0.691     0.612     0.657     0.683     0.574     0.679     0.755     0.781    -0.027    -0.027    -0.027    -0.027    -0.027    -0.027     0.624     0.834     0.712     0.629     0.691     0.663     0.661     0.695     0.740     0.649     0.661     0.712     0.671     0.691     0.634     0.636     0.647     0.633     0.684     0.625     0.602     0.536     0.671     0.700     0.656     0.693  
claude      0.789     0.731     0.759     0.792     0.567     0.716     0.748     0.764     0.804     1.000     0.825     0.799     0.792     0.601     0.482     0.572     0.566     0.729     0.666     0.574     0.562     0.635     0.713     0.684     0.675     0.656     0.660     0.646     0.659     0.592     0.711     0.711     0.742    -0.046    -0.046    -0.046    -0.046    -0.046    -0.046     0.548     0.681     0.593     0.491     0.572     0.590     0.505     0.679     0.641     0.562     0.661     0.583     0.529     0.673     0.674     0.650     0.662     0.615     0.666     0.611     0.636     0.577     0.699     0.684     0.622     0.721  
claude      0.879     0.813     0.836     0.850     0.650     0.740     0.834     0.812     0.851     0.825     1.000     0.869     0.866     0.681     0.613     0.649     0.639     0.758     0.730     0.693     0.670     0.709     0.791     0.737     0.771     0.705     0.720     0.670     0.660     0.635     0.713     0.718     0.783    -0.028    -0.028    -0.028    -0.028    -0.028    -0.028     0.628     0.749     0.673     0.600     0.659     0.626     0.611     0.707     0.689     0.656     0.701     0.640     0.650     0.714     0.673     0.705     0.703     0.668     0.708     0.676     0.700     0.617     0.722     0.707     0.711     0.758  
claude      0.889     0.788     0.823     0.859     0.771     0.802     0.832     0.828     0.870     0.799     0.869     1.000     0.855     0.690     0.598     0.633     0.591     0.750     0.767     0.691     0.660     0.705     0.818     0.788     0.776     0.732     0.786     0.723     0.693     0.698     0.765     0.756     0.774    -0.022    -0.022    -0.022    -0.022    -0.022    -0.022     0.719     0.794     0.748     0.688     0.724     0.677     0.683     0.775     0.770     0.677     0.750     0.727     0.706     0.748     0.764     0.766     0.732     0.719     0.765     0.717     0.702     0.622     0.758     0.746     0.745     0.803  
claude      0.894     0.693     0.842     0.842     0.590     0.716     0.818     0.832     0.819     0.792     0.866     0.855     1.000     0.601     0.573     0.605     0.557     0.758     0.706     0.626     0.593     0.709     0.775     0.668     0.760     0.648     0.701     0.669     0.691     0.629     0.650     0.701     0.720    -0.010    -0.010    -0.010    -0.010    -0.010    -0.010     0.641     0.721     0.594     0.528     0.578     0.545     0.524     0.623     0.611     0.564     0.703     0.570     0.582     0.619     0.619     0.672     0.719     0.581     0.644     0.571     0.664     0.608     0.627     0.584     0.650     0.681  
deepseek    0.655     0.659     0.619     0.617     0.723     0.610     0.637     0.619     0.609     0.601     0.681     0.690     0.601     1.000     0.796     0.746     0.771     0.695     0.717     0.801     0.781     0.749     0.763     0.775     0.711     0.721     0.697     0.630     0.592     0.727     0.664     0.618     0.633     0.011     0.011     0.011     0.011     0.011     0.011     0.563     0.614     0.676     0.626     0.590     0.526     0.611     0.593     0.658     0.640     0.607     0.592     0.629     0.595     0.551     0.674     0.652     0.615     0.653     0.601     0.639     0.629     0.626     0.616     0.606     0.669  
deepseek    0.617     0.552     0.579     0.570     0.652     0.502     0.557     0.527     0.480     0.482     0.613     0.598     0.573     0.796     1.000     0.826     0.848     0.697     0.632     0.868     0.796     0.776     0.694     0.658     0.705     0.653     0.613     0.490     0.478     0.613     0.492     0.504     0.527    -0.035    -0.035    -0.035    -0.035    -0.035    -0.035     0.495     0.496     0.522     0.449     0.469     0.395     0.511     0.454     0.522     0.526     0.550     0.453     0.503     0.478     0.502     0.601     0.569     0.559     0.560     0.540     0.591     0.572     0.503     0.502     0.548     0.622  
deepseek    0.676     0.582     0.637     0.652     0.670     0.504     0.626     0.563     0.583     0.572     0.649     0.633     0.605     0.746     0.826     1.000     0.812     0.784     0.765     0.828     0.804     0.790     0.734     0.745     0.763     0.715     0.583     0.557     0.596     0.624     0.596     0.560     0.570    -0.011    -0.011    -0.011    -0.011    -0.011    -0.011     0.518     0.585     0.563     0.511     0.499     0.489     0.573     0.554     0.567     0.625     0.585     0.514     0.520     0.518     0.525     0.601     0.644     0.601     0.605     0.591     0.638     0.631     0.516     0.585     0.575     0.670  
deepseek    0.653     0.565     0.593     0.597     0.576     0.510     0.594     0.551     0.550     0.566     0.639     0.591     0.557     0.771     0.848     0.812     1.000     0.697     0.670     0.846     0.818     0.763     0.701     0.702     0.731     0.683     0.566     0.530     0.509     0.592     0.560     0.528     0.549    -0.033    -0.033    -0.033    -0.033    -0.033    -0.033     0.464     0.530     0.513     0.426     0.488     0.461     0.521     0.494     0.545     0.557     0.580     0.457     0.452     0.517     0.502     0.621     0.627     0.581     0.575     0.560     0.608     0.650     0.542     0.542     0.571     0.635  
deepseek    0.787     0.658     0.747     0.746     0.586     0.608     0.735     0.702     0.730     0.729     0.758     0.750     0.758     0.695     0.697     0.784     0.697     1.000     0.797     0.706     0.740     0.844     0.768     0.790     0.836     0.759     0.679     0.622     0.756     0.665     0.663     0.769     0.697    -0.041    -0.041    -0.041    -0.041    -0.041    -0.041     0.543     0.725     0.600     0.516     0.505     0.573     0.549     0.595     0.603     0.651     0.619     0.592     0.548     0.584     0.556     0.623     0.700     0.569     0.594     0.569     0.675     0.652     0.592     0.595     0.561     0.676  
deepseek    0.786     0.601     0.770     0.737     0.676     0.604     0.754     0.699     0.754     0.666     0.730     0.767     0.706     0.717     0.632     0.765     0.670     0.797     1.000     0.768     0.773     0.798     0.774     0.853     0.853     0.814     0.598     0.626     0.750     0.677     0.684     0.737     0.673    -0.004    -0.004    -0.004    -0.004    -0.004    -0.004     0.582     0.778     0.712     0.629     0.571     0.643     0.648     0.658     0.693     0.734     0.642     0.654     0.640     0.625     0.599     0.626     0.730     0.625     0.662     0.585     0.719     0.726     0.636     0.641     0.617     0.722  
deepseek    0.722     0.607     0.661     0.683     0.701     0.557     0.652     0.614     0.619     0.574     0.693     0.691     0.626     0.801     0.868     0.828     0.846     0.706     0.768     1.000     0.869     0.830     0.768     0.772     0.773     0.727     0.593     0.557     0.560     0.659     0.593     0.543     0.578    -0.021    -0.021    -0.021    -0.021    -0.021    -0.021     0.549     0.605     0.606     0.517     0.557     0.496     0.598     0.563     0.623     0.628     0.606     0.532     0.570     0.545     0.561     0.625     0.621     0.615     0.622     0.588     0.632     0.616     0.557     0.594     0.606     0.681  
deepseek    0.709     0.610     0.649     0.668     0.703     0.552     0.659     0.593     0.638     0.562     0.670     0.660     0.593     0.781     0.796     0.804     0.818     0.740     0.773     0.869     1.000     0.793     0.785     0.803     0.802     0.744     0.597     0.521     0.581     0.681     0.596     0.578     0.620    -0.060    -0.060    -0.060    -0.060    -0.060    -0.060     0.539     0.609     0.624     0.525     0.580     0.514     0.596     0.552     0.639     0.659     0.593     0.556     0.578     0.584     0.548     0.657     0.648     0.625     0.629     0.629     0.672     0.664     0.588     0.594     0.597     0.673  
deepseek    0.789     0.563     0.758     0.735     0.625     0.548     0.701     0.681     0.653     0.635     0.709     0.705     0.709     0.749     0.776     0.790     0.763     0.844     0.798     0.830     0.793     1.000     0.814     0.766     0.826     0.726     0.613     0.599     0.702     0.696     0.594     0.670     0.594     0.010     0.010     0.010     0.010     0.010     0.010     0.512     0.658     0.549     0.461     0.462     0.491     0.521     0.515     0.542     0.610     0.620     0.520     0.519     0.512     0.495     0.630     0.669     0.543     0.583     0.538     0.658     0.637     0.546     0.548     0.556     0.650  
deepseek    0.837     0.735     0.834     0.815     0.756     0.687     0.776     0.770     0.771     0.713     0.791     0.818     0.775     0.763     0.694     0.734     0.701     0.768     0.774     0.768     0.785     0.814     1.000     0.814     0.793     0.767     0.742     0.659     0.713     0.815     0.737     0.700     0.673    -0.022    -0.022    -0.022    -0.022    -0.022    -0.022     0.605     0.685     0.641     0.551     0.643     0.538     0.592     0.639     0.650     0.629     0.691     0.578     0.587     0.707     0.678     0.762     0.714     0.738     0.781     0.707     0.719     0.681     0.672     0.705     0.708     0.785  
deepseek    0.771     0.689     0.742     0.755     0.744     0.690     0.727     0.686     0.720     0.684     0.737     0.788     0.668     0.775     0.658     0.745     0.702     0.790     0.853     0.772     0.803     0.766     0.814     1.000     0.847     0.820     0.737     0.714     0.734     0.767     0.770     0.726     0.726    -0.063    -0.063    -0.063    -0.063    -0.063    -0.063     0.635     0.720     0.717     0.638     0.655     0.630     0.645     0.682     0.727     0.706     0.688     0.644     0.617     0.692     0.672     0.716     0.716     0.675     0.725     0.693     0.710     0.707     0.682     0.695     0.681     0.751  
deepseek    0.831     0.670     0.808     0.765     0.648     0.649     0.777     0.731     0.768     0.675     0.771     0.776     0.760     0.711     0.705     0.763     0.731     0.836     0.853     0.773     0.802     0.826     0.793     0.847     1.000     0.810     0.688     0.660     0.758     0.699     0.689     0.757     0.718    -0.040    -0.040    -0.040    -0.040    -0.040    -0.040     0.580     0.741     0.647     0.566     0.577     0.594     0.612     0.611     0.661     0.667     0.637     0.611     0.581     0.665     0.605     0.671     0.717     0.645     0.678     0.640     0.713     0.703     0.648     0.634     0.650     0.701  
deepseek    0.721     0.660     0.746     0.681     0.626     0.629     0.727     0.688     0.691     0.656     0.705     0.732     0.648     0.721     0.653     0.715     0.683     0.759     0.814     0.727     0.744     0.726     0.767     0.820     0.810     1.000     0.699     0.669     0.789     0.692     0.778     0.750     0.646    -0.027    -0.027    -0.027    -0.027    -0.027    -0.027     0.482     0.660     0.606     0.554     0.511     0.557     0.578     0.617     0.685     0.583     0.564     0.557     0.530     0.685     0.683     0.642     0.649     0.662     0.669     0.594     0.676     0.676     0.649     0.671     0.584     0.724  
gemini      0.712     0.720     0.666     0.655     0.707     0.790     0.603     0.643     0.612     0.660     0.720     0.786     0.701     0.697     0.613     0.583     0.566     0.679     0.598     0.593     0.597     0.613     0.742     0.737     0.688     0.699     1.000     0.740     0.626     0.812     0.814     0.682     0.635    -0.043    -0.043    -0.043    -0.043    -0.043    -0.043     0.636     0.578     0.591     0.572     0.613     0.535     0.534     0.674     0.663     0.543     0.655     0.580     0.538     0.743     0.786     0.794     0.713     0.677     0.719     0.693     0.722     0.632     0.720     0.648     0.682     0.764  
gemini      0.713     0.629     0.681     0.683     0.615     0.735     0.650     0.659     0.657     0.646     0.670     0.723     0.669     0.630     0.490     0.557     0.530     0.622     0.626     0.557     0.521     0.599     0.659     0.714     0.660     0.669     0.740     1.000     0.657     0.689     0.753     0.646     0.585    -0.024    -0.024    -0.024    -0.024    -0.024    -0.024     0.681     0.618     0.624     0.599     0.613     0.614     0.565     0.677     0.655     0.582     0.737     0.602     0.541     0.632     0.611     0.628     0.649     0.597     0.636     0.606     0.621     0.590     0.588     0.630     0.599     0.663  
gemini      0.688     0.536     0.719     0.682     0.486     0.548     0.686     0.662     0.683     0.659     0.660     0.693     0.691     0.592     0.478     0.596     0.509     0.756     0.750     0.560     0.581     0.702     0.713     0.734     0.758     0.789     0.626     0.657     1.000     0.659     0.684     0.809     0.658    -0.028    -0.028    -0.028    -0.028    -0.028    -0.028     0.405     0.651     0.517     0.446     0.402     0.506     0.444     0.493     0.527     0.485     0.513     0.530     0.455     0.572     0.542     0.542     0.652     0.492     0.557     0.479     0.606     0.632     0.587     0.530     0.490     0.542  
gemini      0.680     0.623     0.636     0.658     0.744     0.684     0.584     0.560     0.574     0.592     0.635     0.698     0.629     0.727     0.613     0.624     0.592     0.665     0.677     0.659     0.681     0.696     0.815     0.767     0.699     0.692     0.812     0.689     0.659     1.000     0.774     0.641     0.548    -0.052    -0.052    -0.052    -0.052    -0.052    -0.052     0.564     0.551     0.557     0.506     0.534     0.491     0.488     0.560     0.592     0.551     0.657     0.528     0.503     0.696     0.715     0.736     0.697     0.729     0.757     0.683     0.753     0.696     0.679     0.652     0.671     0.734  
gemini      0.703     0.750     0.679     0.687     0.682     0.729     0.657     0.647     0.679     0.711     0.713     0.765     0.650     0.664     0.492     0.596     0.560     0.663     0.684     0.593     0.596     0.594     0.737     0.770     0.689     0.778     0.814     0.753     0.684     0.774     1.000     0.708     0.654    -0.018    -0.018    -0.018    -0.018    -0.018    -0.018     0.565     0.626     0.632     0.607     0.616     0.607     0.579     0.746     0.721     0.600     0.651     0.628     0.564     0.790     0.797     0.721     0.684     0.758     0.772     0.717     0.711     0.603     0.719     0.762     0.701     0.798  
gemini      0.722     0.655     0.776     0.678     0.531     0.640     0.737     0.740     0.755     0.711     0.718     0.756     0.701     0.618     0.504     0.560     0.528     0.769     0.737     0.543     0.578     0.670     0.700     0.726     0.757     0.750     0.682     0.646     0.809     0.641     0.708     1.000     0.772    -0.023    -0.023    -0.023    -0.023    -0.023    -0.023     0.477     0.704     0.602     0.510     0.479     0.584     0.504     0.576     0.625     0.569     0.559     0.603     0.558     0.655     0.594     0.604     0.672     0.534     0.616     0.533     0.658     0.638     0.700     0.615     0.541     0.632  
gemini      0.724     0.703     0.726     0.725     0.562     0.631     0.747     0.710     0.781     0.742     0.783     0.774     0.720     0.633     0.527     0.570     0.549     0.697     0.673     0.578     0.620     0.594     0.673     0.726     0.718     0.646     0.635     0.585     0.658     0.548     0.654     0.772     1.000    -0.040    -0.040    -0.040    -0.040    -0.040    -0.040     0.557     0.760     0.719     0.629     0.642     0.611     0.648     0.626     0.710     0.633     0.563     0.657     0.662     0.640     0.543     0.627     0.664     0.535     0.615     0.588     0.571     0.549     0.674     0.578     0.581     0.619  
gemini     -0.010    -0.084     0.006    -0.034    -0.037    -0.062    -0.033    -0.022    -0.027    -0.046    -0.028    -0.022    -0.010     0.011    -0.035    -0.011    -0.033    -0.041    -0.004    -0.021    -0.060     0.010    -0.022    -0.063    -0.040    -0.027    -0.043    -0.024    -0.028    -0.052    -0.018    -0.023    -0.040     1.000     1.000     1.000     1.000     1.000     1.000    -0.053    -0.064    -0.038    -0.028    -0.043    -0.054    -0.048    -0.026    -0.034    -0.039    -0.024    -0.064     0.021    -0.062    -0.049    -0.021    -0.038    -0.025    -0.008    -0.019    -0.039    -0.041    -0.035    -0.009     0.018    -0.007  
gemini     -0.010    -0.084     0.006    -0.034    -0.037    -0.062    -0.033    -0.022    -0.027    -0.046    -0.028    -0.022    -0.010     0.011    -0.035    -0.011    -0.033    -0.041    -0.004    -0.021    -0.060     0.010    -0.022    -0.063    -0.040    -0.027    -0.043    -0.024    -0.028    -0.052    -0.018    -0.023    -0.040     1.000     1.000     1.000     1.000     1.000     1.000    -0.053    -0.064    -0.038    -0.028    -0.043    -0.054    -0.048    -0.026    -0.034    -0.039    -0.024    -0.064     0.021    -0.062    -0.049    -0.021    -0.038    -0.025    -0.008    -0.019    -0.039    -0.041    -0.035    -0.009     0.018    -0.007  
gemini     -0.010    -0.084     0.006    -0.034    -0.037    -0.062    -0.033    -0.022    -0.027    -0.046    -0.028    -0.022    -0.010     0.011    -0.035    -0.011    -0.033    -0.041    -0.004    -0.021    -0.060     0.010    -0.022    -0.063    -0.040    -0.027    -0.043    -0.024    -0.028    -0.052    -0.018    -0.023    -0.040     1.000     1.000     1.000     1.000     1.000     1.000    -0.053    -0.064    -0.038    -0.028    -0.043    -0.054    -0.048    -0.026    -0.034    -0.039    -0.024    -0.064     0.021    -0.062    -0.049    -0.021    -0.038    -0.025    -0.008    -0.019    -0.039    -0.041    -0.035    -0.009     0.018    -0.007  
gemini     -0.010    -0.084     0.006    -0.034    -0.037    -0.062    -0.033    -0.022    -0.027    -0.046    -0.028    -0.022    -0.010     0.011    -0.035    -0.011    -0.033    -0.041    -0.004    -0.021    -0.060     0.010    -0.022    -0.063    -0.040    -0.027    -0.043    -0.024    -0.028    -0.052    -0.018    -0.023    -0.040     1.000     1.000     1.000     1.000     1.000     1.000    -0.053    -0.064    -0.038    -0.028    -0.043    -0.054    -0.048    -0.026    -0.034    -0.039    -0.024    -0.064     0.021    -0.062    -0.049    -0.021    -0.038    -0.025    -0.008    -0.019    -0.039    -0.041    -0.035    -0.009     0.018    -0.007  
gemini     -0.010    -0.084     0.006    -0.034    -0.037    -0.062    -0.033    -0.022    -0.027    -0.046    -0.028    -0.022    -0.010     0.011    -0.035    -0.011    -0.033    -0.041    -0.004    -0.021    -0.060     0.010    -0.022    -0.063    -0.040    -0.027    -0.043    -0.024    -0.028    -0.052    -0.018    -0.023    -0.040     1.000     1.000     1.000     1.000     1.000     1.000    -0.053    -0.064    -0.038    -0.028    -0.043    -0.054    -0.048    -0.026    -0.034    -0.039    -0.024    -0.064     0.021    -0.062    -0.049    -0.021    -0.038    -0.025    -0.008    -0.019    -0.039    -0.041    -0.035    -0.009     0.018    -0.007  
gemini     -0.010    -0.084     0.006    -0.034    -0.037    -0.062    -0.033    -0.022    -0.027    -0.046    -0.028    -0.022    -0.010     0.011    -0.035    -0.011    -0.033    -0.041    -0.004    -0.021    -0.060     0.010    -0.022    -0.063    -0.040    -0.027    -0.043    -0.024    -0.028    -0.052    -0.018    -0.023    -0.040     1.000     1.000     1.000     1.000     1.000     1.000    -0.053    -0.064    -0.038    -0.028    -0.043    -0.054    -0.048    -0.026    -0.034    -0.039    -0.024    -0.064     0.021    -0.062    -0.049    -0.021    -0.038    -0.025    -0.008    -0.019    -0.039    -0.041    -0.035    -0.009     0.018    -0.007  
gpt         0.667     0.622     0.574     0.676     0.718     0.784     0.539     0.576     0.624     0.548     0.628     0.719     0.641     0.563     0.495     0.518     0.464     0.543     0.582     0.549     0.539     0.512     0.605     0.635     0.580     0.482     0.636     0.681     0.405     0.564     0.565     0.477     0.557    -0.053    -0.053    -0.053    -0.053    -0.053    -0.053     1.000     0.712     0.759     0.762     0.841     0.754     0.744     0.767     0.742     0.745     0.791     0.765     0.724     0.535     0.549     0.621     0.633     0.530     0.554     0.588     0.558     0.522     0.518     0.509     0.581     0.657  
gpt         0.732     0.679     0.727     0.737     0.620     0.700     0.703     0.677     0.834     0.681     0.749     0.794     0.721     0.614     0.496     0.585     0.530     0.725     0.778     0.605     0.609     0.658     0.685     0.720     0.741     0.660     0.578     0.618     0.651     0.551     0.626     0.704     0.760    -0.064    -0.064    -0.064    -0.064    -0.064    -0.064     0.712     1.000     0.804     0.787     0.756     0.806     0.847     0.741     0.808     0.795     0.655     0.857     0.745     0.592     0.509     0.572     0.670     0.517     0.566     0.536     0.588     0.565     0.597     0.577     0.558     0.646  
gpt         0.643     0.721     0.605     0.640     0.716     0.658     0.625     0.634     0.712     0.593     0.673     0.748     0.594     0.676     0.522     0.563     0.513     0.600     0.712     0.606     0.624     0.549     0.641     0.717     0.647     0.606     0.591     0.624     0.517     0.557     0.632     0.602     0.719    -0.038    -0.038    -0.038    -0.038    -0.038    -0.038     0.759     0.804     1.000     0.880     0.822     0.790     0.836     0.802     0.847     0.870     0.749     0.821     0.833     0.643     0.556     0.619     0.671     0.607     0.647     0.668     0.589     0.565     0.622     0.633     0.632     0.700  
gpt         0.566     0.658     0.493     0.583     0.700     0.641     0.522     0.536     0.629     0.491     0.600     0.688     0.528     0.626     0.449     0.511     0.426     0.516     0.629     0.517     0.525     0.461     0.551     0.638     0.566     0.554     0.572     0.599     0.446     0.506     0.607     0.510     0.629    -0.028    -0.028    -0.028    -0.028    -0.028    -0.028     0.762     0.787     0.880     1.000     0.826     0.826     0.872     0.791     0.820     0.827     0.676     0.861     0.813     0.594     0.488     0.565     0.606     0.550     0.559     0.614     0.537     0.489     0.566     0.570     0.592     0.654  
gpt         0.622     0.725     0.567     0.683     0.746     0.737     0.565     0.591     0.691     0.572     0.659     0.724     0.578     0.590     0.469     0.499     0.488     0.505     0.571     0.557     0.580     0.462     0.643     0.655     0.577     0.511     0.613     0.613     0.402     0.534     0.616     0.479     0.642    -0.043    -0.043    -0.043    -0.043    -0.043    -0.043     0.841     0.756     0.822     0.826     1.000     0.787     0.833     0.805     0.832     0.779     0.743     0.832     0.782     0.635     0.564     0.660     0.624     0.630     0.648     0.703     0.543     0.480     0.603     0.642     0.666     0.703  
gpt         0.597     0.673     0.528     0.620     0.615     0.702     0.547     0.553     0.663     0.590     0.626     0.677     0.545     0.526     0.395     0.489     0.461     0.573     0.643     0.496     0.514     0.491     0.538     0.630     0.594     0.557     0.535     0.614     0.506     0.491     0.607     0.584     0.611    -0.054    -0.054    -0.054    -0.054    -0.054    -0.054     0.754     0.806     0.790     0.826     0.787     1.000     0.821     0.800     0.806     0.786     0.697     0.853     0.736     0.617     0.518     0.535     0.633     0.522     0.544     0.578     0.590     0.546     0.603     0.582     0.561     0.636  
gpt         0.571     0.651     0.526     0.600     0.707     0.667     0.529     0.516     0.661     0.505     0.611     0.683     0.524     0.611     0.511     0.573     0.521     0.549     0.648     0.598     0.596     0.521     0.592     0.645     0.612     0.578     0.534     0.565     0.444     0.488     0.579     0.504     0.648    -0.048    -0.048    -0.048    -0.048    -0.048    -0.048     0.744     0.847     0.836     0.872     0.833     0.821     1.000     0.770     0.854     0.812     0.626     0.865     0.780     0.563     0.482     0.558     0.595     0.552     0.545     0.601     0.511     0.520     0.558     0.550     0.554     0.645  
gpt         0.687     0.777     0.629     0.688     0.683     0.769     0.595     0.644     0.695     0.679     0.707     0.775     0.623     0.593     0.454     0.554     0.494     0.595     0.658     0.563     0.552     0.515     0.639     0.682     0.611     0.617     0.674     0.677     0.493     0.560     0.746     0.576     0.626    -0.026    -0.026    -0.026    -0.026    -0.026    -0.026     0.767     0.741     0.802     0.791     0.805     0.800     0.770     1.000     0.821     0.798     0.776     0.788     0.728     0.700     0.689     0.674     0.666     0.643     0.633     0.653     0.634     0.549     0.661     0.688     0.637     0.790  
gpt         0.664     0.752     0.616     0.664     0.726     0.772     0.633     0.629     0.740     0.641     0.689     0.770     0.611     0.658     0.522     0.567     0.545     0.603     0.693     0.623     0.639     0.542     0.650     0.727     0.661     0.685     0.663     0.655     0.527     0.592     0.721     0.625     0.710    -0.034    -0.034    -0.034    -0.034    -0.034    -0.034     0.742     0.808     0.847     0.820     0.832     0.806     0.854     0.821     1.000     0.793     0.696     0.837     0.765     0.691     0.668     0.640     0.642     0.639     0.635     0.657     0.624     0.555     0.677     0.654     0.626     0.706  
gpt         0.639     0.677     0.595     0.651     0.664     0.612     0.552     0.568     0.649     0.562     0.656     0.677     0.564     0.640     0.526     0.625     0.557     0.651     0.734     0.628     0.659     0.610     0.629     0.706     0.667     0.583     0.543     0.582     0.485     0.551     0.600     0.569     0.633    -0.039    -0.039    -0.039    -0.039    -0.039    -0.039     0.745     0.795     0.870     0.827     0.779     0.786     0.812     0.798     0.793     1.000     0.741     0.798     0.780     0.582     0.480     0.619     0.708     0.538     0.552     0.605     0.650     0.590     0.594     0.576     0.565     0.682  
gpt         0.758     0.668     0.679     0.743     0.712     0.718     0.625     0.671     0.661     0.661     0.701     0.750     0.703     0.607     0.550     0.585     0.580     0.619     0.642     0.606     0.593     0.620     0.691     0.688     0.637     0.564     0.655     0.737     0.513     0.657     0.651     0.559     0.563    -0.024    -0.024    -0.024    -0.024    -0.024    -0.024     0.791     0.655     0.749     0.676     0.743     0.697     0.626     0.776     0.696     0.741     1.000     0.657     0.677     0.648     0.625     0.708     0.709     0.650     0.680     0.675     0.683     0.620     0.614     0.659     0.693     0.757  
gpt         0.614     0.700     0.541     0.659     0.672     0.724     0.563     0.564     0.712     0.583     0.640     0.727     0.570     0.592     0.453     0.514     0.457     0.592     0.654     0.532     0.556     0.520     0.578     0.644     0.611     0.557     0.580     0.602     0.530     0.528     0.628     0.603     0.657    -0.064    -0.064    -0.064    -0.064    -0.064    -0.064     0.765     0.857     0.821     0.861     0.832     0.853     0.865     0.788     0.837     0.798     0.657     1.000     0.819     0.620     0.527     0.568     0.637     0.560     0.568     0.601     0.573     0.526     0.633     0.604     0.605     0.670  
gpt         0.619     0.635     0.544     0.625     0.666     0.600     0.588     0.576     0.671     0.529     0.650     0.706     0.582     0.629     0.503     0.520     0.452     0.548     0.640     0.570     0.578     0.519     0.587     0.617     0.581     0.530     0.538     0.541     0.455     0.503     0.564     0.558     0.662     0.021     0.021     0.021     0.021     0.021     0.021     0.724     0.745     0.833     0.813     0.782     0.736     0.780     0.728     0.765     0.780     0.677     0.819     1.000     0.549     0.472     0.575     0.644     0.554     0.575     0.606     0.565     0.500     0.594     0.566     0.601     0.651  
grok        0.688     0.810     0.648     0.663     0.687     0.686     0.637     0.632     0.691     0.673     0.714     0.748     0.619     0.595     0.478     0.518     0.517     0.584     0.625     0.545     0.584     0.512     0.707     0.692     0.665     0.685     0.743     0.632     0.572     0.696     0.790     0.655     0.640    -0.062    -0.062    -0.062    -0.062    -0.062    -0.062     0.535     0.592     0.643     0.594     0.635     0.617     0.563     0.700     0.691     0.582     0.648     0.620     0.549     1.000     0.832     0.807     0.733     0.837     0.860     0.804     0.801     0.685     0.842     0.821     0.808     0.839  
grok        0.686     0.698     0.629     0.646     0.690     0.772     0.593     0.607     0.634     0.674     0.673     0.764     0.619     0.551     0.502     0.525     0.502     0.556     0.599     0.561     0.548     0.495     0.678     0.672     0.605     0.683     0.786     0.611     0.542     0.715     0.797     0.594     0.543    -0.049    -0.049    -0.049    -0.049    -0.049    -0.049     0.549     0.509     0.556     0.488     0.564     0.518     0.482     0.689     0.668     0.480     0.625     0.527     0.472     0.832     1.000     0.759     0.657     0.779     0.797     0.740     0.716     0.597     0.773     0.761     0.726     0.818  
grok        0.735     0.716     0.705     0.700     0.733     0.696     0.626     0.657     0.636     0.650     0.705     0.766     0.672     0.674     0.601     0.601     0.621     0.623     0.626     0.625     0.657     0.630     0.762     0.716     0.671     0.642     0.794     0.628     0.542     0.736     0.721     0.604     0.627    -0.021    -0.021    -0.021    -0.021    -0.021    -0.021     0.621     0.572     0.619     0.565     0.660     0.535     0.558     0.674     0.640     0.619     0.708     0.568     0.575     0.807     0.759     1.000     0.815     0.718     0.756     0.756     0.796     0.729     0.837     0.680     0.772     0.800  
grok        0.732     0.646     0.675     0.693     0.624     0.675     0.611     0.647     0.647     0.662     0.703     0.732     0.719     0.652     0.569     0.644     0.627     0.700     0.730     0.621     0.648     0.669     0.714     0.716     0.717     0.649     0.713     0.649     0.652     0.697     0.684     0.672     0.664    -0.038    -0.038    -0.038    -0.038    -0.038    -0.038     0.633     0.670     0.671     0.606     0.624     0.633     0.595     0.666     0.642     0.708     0.709     0.637     0.644     0.733     0.657     0.815     1.000     0.609     0.687     0.664     0.832     0.816     0.747     0.613     0.658     0.748  
grok        0.676     0.734     0.591     0.643     0.763     0.625     0.624     0.565     0.633     0.615     0.668     0.719     0.581     0.615     0.559     0.601     0.581     0.569     0.625     0.615     0.625     0.543     0.738     0.675     0.645     0.662     0.677     0.597     0.492     0.729     0.758     0.534     0.535    -0.025    -0.025    -0.025    -0.025    -0.025    -0.025     0.530     0.517     0.607     0.550     0.630     0.522     0.552     0.643     0.639     0.538     0.650     0.560     0.554     0.837     0.779     0.718     0.609     1.000     0.925     0.845     0.713     0.615     0.698     0.872     0.846     0.866  
